
strategic_region={
	id=120
	name="STRATEGICREGION_120"
	provinces={
		659 689 691 695 703 709 720 751 827 831 870 882 926 954 971 1352 1441 1445 1523 1527 1534 1560 1564 1582 1586 1595 1604 1621 1655 1678 1683 1719 1734 1747 1752 1753 1760 1770 1831 1836 1849 1866 1867 1870 1875 1881 3613 3685 3699 3708 3719 3750 3766 3829 3853 3855 3872 4029 4166 4402 4437 4442 4449 4452 4508 4527 4531 4540 4569 4586 4590 4601 4664 4691 4738 4740 4749 4757 4759 4760 4772 4807 4811 4814 4830 4834 4839 4854 4871 4880 4988 5205 6696 6710 6713 6722 6737 6752 6767 6769 6782 6827 6855 6874 6890 6974 7306 7420 7449 7458 7528 7536 7539 7547 7551 7607 7611 7626 7745 7771 7776 7829 7831 7834 7840 7852 7862 7877 7892 7896 9450 9653 9654 9657 9678 9682 9684 9724 9727 9746 9747 9760 9775 9796 9802 9808 9810 9825 9880 9892 9910 10233 10303 10333 10339 10340 10341 10370 10391 10393 10448 10457 10461 10478 10516 10526 10532 10569 10586 10595 10599 10606 10618 10666 10676 10685 10709 10717 10719 10727 11589 11621 11635 11637 11641 11656 11667 11669 11685 11714 11731 11760 11776 11788 11791 11890 11971 12024 12305 12312 12346 12357 12361 12365 12368 12418 12437 12456 12463 12497 12513 12516 12550 12566 12568 12577 12586 12588 12597 12620 12637 12646 12667 12685 12693 12697 12709 13155 13159 13200 14956 14957 14958 14959 14960 14961 14962 14963 14964 14965 14966 14967 14968 14969 14970 14971 14972 14973 14974 14975 14976 14977 14978 14979 14980 14981 14982 14983 14984 14985 14986 14987 14988 14989 14990 14991 14992 14993 14994 14995 14996 14997 14998 14999 15001 15002 15003 15004 15005 15006 15007 15008 15009 15010 15011 15012 15013 15014 15015 15016 15317 15318 15319 15320 15321 15322 15323 15324 15325 15326 15327 15328 15329 15330 15331 15332 15333 15334 15335 15336 15337 15544 15545 15546 15547 15548 15549 15550 15551 15552 15553 15554 15555 15556 15557 15558 15559 15560 15561 15562 15563 15564 15565 15566 15567 15568 15569 15570 15571 15572 15573 15574 15575 15576 15577 15578 15579 15580 15581 15582 15583 15584 15585 15586 15587 15588 15589 15590 15591 15592 15593 15594 15595 15596 15597 15598 15599 15600 15601 15602 15603 15604 15605 15606 15607 15608 15609 15610 15611 15612 15613 15614 15615 15616 15617 15618 15619 15620 15621 15622 15623 15624 15625 15626 15627 15628 15629 15630 15631 15632 15634 15635 15636 15637 15638 15639 15640 15641 15642 15681 15682 15683 15684 15685 15686 15687 15688 15689 15690 15691 15692 15693 15694 15695 15696 15697 15698 15699 15700 15701 15702 15703 15704 15705 15706 15707 15708 15709 15710 15711 15712 15713 15714 15715 15716 15717 15718 15719 15720 15721 15722 15723 15724 15725 15726 15727 15728 15729 15730 15731 15732 15733 15734 15735 15736 15737 15738 15739 15740 15741 15742 15743 15744 15745 15746 15747 15748 15749 15750 15751 15752 15753 15754 15755 15756 15757 15758 15759 15760 15761 15762 15763 15764 15765 15774 15775 15776 15777 15778 15779 15780 15781 15782 15783 15784 15785 15786 15787 15788 15789 15790 15791 15792 15793 15794 15795 15796 15797
	}
	weather={
		period={
			between={ 0.0 30.0 }
			temperature={ -9.0 2.0 }
			#temperature_day_night={ 10.0 -10.0 }
			no_phenomenon=0.750
			rain_light=0.050
			rain_heavy=0.000
			snow=0.200
			blizzard=0.000
			arctic_water=0.000
			mud=1.000
			sandstorm=0.000
			min_snow_level=0.000
		}
		period={
			between={ 0.1 27.1 }
			temperature={ -7.0 4.0 }
			#temperature_day_night={ 10.0 -10.0 }
			no_phenomenon=0.700
			rain_light=0.100
			rain_heavy=0.000
			snow=0.200
			blizzard=0.000
			arctic_water=0.000
			mud=1.000
			sandstorm=0.000
			min_snow_level=0.000
		}
		period={
			between={ 0.2 30.2 }
			temperature={ 0.0 12.0 }
			#temperature_day_night={ 10.0 -10.0 }
			no_phenomenon=0.700
			rain_light=0.100
			rain_heavy=0.100
			snow=0.100
			blizzard=0.000
			arctic_water=0.000
			mud=1.000
			sandstorm=0.000
			min_snow_level=0.000
		}
		period={
			between={ 0.3 29.3 }
			temperature={ 10.0 22.0 }
			#temperature_day_night={ 10.0 -10.0 }
			no_phenomenon=0.600
			rain_light=0.200
			rain_heavy=0.200
			snow=0.000
			blizzard=0.000
			arctic_water=0.000
			mud=1.000
			sandstorm=0.000
			min_snow_level=0.000
		}
		period={
			between={ 0.4 30.4 }
			temperature={ 16.0 27.0 }
			#temperature_day_night={ 10.0 -10.0 }
			no_phenomenon=0.600
			rain_light=0.200
			rain_heavy=0.200
			snow=0.000
			blizzard=0.000
			arctic_water=0.000
			mud=1.000
			sandstorm=0.000
			min_snow_level=0.000
		}
		period={
			between={ 0.5 29.5 }
			temperature={ 20.0 30.0 }
			#temperature_day_night={ 10.0 -10.0 }
			no_phenomenon=0.600
			rain_light=0.150
			rain_heavy=0.250
			snow=0.000
			blizzard=0.000
			arctic_water=0.000
			mud=1.000
			sandstorm=0.000
			min_snow_level=0.000
		}
		period={
			between={ 0.6 30.6 }
			temperature={ 22.0 34.0 }
			#temperature_day_night={ 10.0 -10.0 }
			no_phenomenon=0.600
			rain_light=0.200
			rain_heavy=0.200
			snow=0.000
			blizzard=0.000
			arctic_water=0.000
			mud=1.000
			sandstorm=0.000
			min_snow_level=0.000
		}
		period={
			between={ 0.7 30.7 }
			temperature={ 22.0 34.0 }
			#temperature_day_night={ 10.0 -10.0 }
			no_phenomenon=0.700
			rain_light=0.200
			rain_heavy=0.100
			snow=0.000
			blizzard=0.000
			arctic_water=0.000
			mud=1.000
			sandstorm=0.000
			min_snow_level=0.000
		}
		period={
			between={ 0.8 29.8 }
			temperature={ 17.0 27.0 }
			#temperature_day_night={ 10.0 -10.0 }
			no_phenomenon=0.700
			rain_light=0.200
			rain_heavy=0.100
			snow=0.000
			blizzard=0.000
			arctic_water=0.000
			mud=1.000
			sandstorm=0.000
			min_snow_level=0.000
		}
		period={
			between={ 0.9 30.9 }
			temperature={ 10.0 22.0 }
			#temperature_day_night={ 10.0 -10.0 }
			no_phenomenon=0.700
			rain_light=0.250
			rain_heavy=0.100
			snow=0.050
			blizzard=0.000
			arctic_water=0.000
			mud=1.000
			sandstorm=0.000
			min_snow_level=0.000
		}
		period={
			between={ 0.10 29.10 }
			temperature={ 5.0 15.0 }
			#temperature_day_night={ 10.0 -10.0 }
			no_phenomenon=0.700
			rain_light=0.100
			rain_heavy=0.100
			snow=0.100
			blizzard=0.000
			arctic_water=0.000
			mud=1.000
			sandstorm=0.000
			min_snow_level=0.000
		}
		period={
			between={ 0.11 30.11 }
			temperature={ -6.0 9.0 }
			#temperature_day_night={ 10.0 -10.0 }
			no_phenomenon=0.700
			rain_light=0.200
			rain_heavy=0.000
			snow=0.100
			blizzard=0.000
			arctic_water=0.000
			mud=1.000
			sandstorm=0.000
			min_snow_level=0.000
		}
	}
}
